0.000000000000000000e+00
4.081360016459481587e-04
3.871567684253895535e-04
3.137476791537344070e-04
4.106104751069993702e-04
4.010693221181139663e-04
4.106179801671004811e-04
4.009475740382418218e-04
4.108890056320868133e-04
4.010693221181139663e-04
4.109767693293292089e-04
4.008543470551773156e-04
4.106579396868301202e-04
4.010693221181139663e-04
4.082654282404208756e-04
3.878420666150863899e-04
3.146334401998600512e-04
4.003209588232399508e-04
3.960122306256281892e-04
4.090122410490581485e-04
4.096115454501103635e-04
3.874807940492792880e-04
4.112090839371827788e-04
4.071616739616356457e-04
4.105109162781783293e-04
3.952271899618355977e-04
3.965030354651938598e-04
4.066852966964834082e-04
4.111744978305486935e-04
3.882887218451280299e-04
4.073083188330856356e-04
3.441796873537141606e-04
4.041679898973709229e-04
4.042974014933568123e-04
4.113916874559098440e-04
3.886646078643378487e-04
3.903682407592938357e-04
4.069123994457216672e-04
4.082131840232678050e-04
4.093742660631167975e-04
3.888524094482696922e-04
3.888175135883446647e-04
3.889754575992683278e-04
3.780981561710258700e-04
3.887938350525628126e-04
3.887938350525628126e-04
4.114151609759704453e-04
4.018148541950965040e-04
4.115711840892162629e-04
4.023527995916869964e-04
3.996263395547765881e-04
4.114467587047541237e-04
4.023527995916869964e-04
3.788728623485809310e-04
3.888415378521897737e-04
4.115426071227719623e-04
4.022541699544431525e-04
3.888292283956169132e-04
3.888175135883446647e-04
3.890720018609958048e-04
3.894403709492856775e-04
4.093702699085182708e-04
3.889805026457077500e-04
4.115057546303439425e-04
4.021270441920742154e-04
4.122239763860038680e-04
3.889790891940585692e-04
4.109435826929300250e-04
4.071630252414475408e-04
4.071630252414475408e-04
4.082932882947260932e-04
4.111050210715277032e-04
3.876846770452761900e-04
4.107109296994349533e-04
3.948593735693381782e-04
4.043121362785313615e-04
4.111050210715277032e-04
3.871249714854195913e-04
4.109398614970281513e-04
3.881692150685866951e-04
4.045063066089367595e-04
4.112124983837006750e-04
4.113255571876057700e-04
3.888188153022652921e-04
4.107244249554348886e-04
2.490150906765058549e-04
4.129687556875907307e-04
4.107162234586320126e-04
4.125777391079853357e-04
3.796759583009326391e-04
3.855146370797162339e-04
2.494551099558984879e-04
4.112985776632719715e-04
3.878968195466822415e-04
4.106651994046696960e-04
4.128214827443158321e-04
4.107828837347527471e-04
4.124524332107946576e-04
4.110634324469154941e-04
3.868960780622457581e-04
4.106194317341396293e-04
4.103659312801289597e-04
4.117167086977061648e-04
4.110804908598326805e-04
4.099485416128392529e-04
4.130961573684582746e-04
4.104284872078407028e-04
4.041679711014762319e-04
4.112626620585617485e-04
4.103088176313828624e-04
4.040430966692514685e-04
4.112106096439009694e-04
4.130141747963904830e-04
4.116267769884223923e-04
4.117796352404720162e-04
4.107681644173404143e-04
4.111870990951113267e-04
4.130019775403797233e-04
4.124659521611905933e-04
4.102329189195867568e-04
4.109999546812610738e-04
4.103145095987355533e-04
4.110804908598326805e-04
3.864176240863425650e-04
4.106194317341396293e-04
4.129773706660046445e-04
4.117100172809718198e-04
4.118567939419536254e-04
4.106660043011435492e-04
4.104284872078407028e-04
4.129808510441666369e-04
4.116408195297543982e-04
4.118683385670232882e-04
4.107285130567976368e-04
4.102329189195867568e-04
4.130770177209045261e-04
4.116602761098036938e-04
4.118423986092700404e-04
4.106660043011435492e-04
4.102708503670049619e-04
4.127717806981137227e-04
4.114999941186806161e-04
4.118351736897504518e-04
4.107681644173404143e-04
4.106194317341396293e-04
4.123760857029419732e-04
4.110236410304297450e-04
4.117572396676048895e-04
4.106660043011435492e-04
4.104284872078407028e-04
4.036033411312213524e-04
3.996577128345580221e-04
4.106194317341396293e-04
4.032321032544549039e-04
3.996577128345580221e-04
4.106194317341396293e-04
4.105084109241394089e-04
4.118987648240724614e-04
3.986800815458797472e-04
4.070612716181598871e-04
4.110755274625642439e-04
4.031905545096222407e-04
3.994313038115240660e-04
4.024540576023450463e-04
3.996577128345580221e-04
4.036033411312213524e-04
3.996577128345580221e-04
4.031905545096222407e-04
3.992552156801630180e-04
4.034639746267336033e-04
3.996577128345580221e-04
4.036033411312213524e-04
3.996577128345580221e-04
4.032534846003046642e-04
3.987912538079673840e-04
4.020765485811303550e-04
3.987912538079673840e-04
4.026418476801037595e-04
3.994313038115240660e-04
4.028707074352462308e-04
3.996577128345580221e-04
4.024920089720672380e-04
3.991112095699266872e-04
4.031905545096222407e-04
3.994313038115240660e-04
4.015228703273504671e-04
3.994313038115240660e-04
4.016843378719721792e-04
3.992552156801630180e-04
4.015965632408218704e-04
3.991112095699266872e-04
4.110734327657833594e-04
4.019331618349222964e-04
3.996577128345580221e-04
4.074329016048052442e-04
4.116063310374817852e-04
4.103430124404444245e-04
4.117983778949897179e-04
4.126949994423599437e-04
4.119589564740210540e-04
4.126322525292120758e-04
4.100888340988566283e-04
4.119589564740210540e-04
4.126322525292120758e-04
4.121486370052730589e-04
4.124767008499644343e-04
4.124996593576100512e-04
4.110662796565590568e-04
3.873508224012552330e-04
4.100576396637556874e-04
4.014966569143598699e-04
3.989459763987017959e-04
4.098642649197563434e-04
4.111468712204968787e-04
4.104866967635140184e-04
4.122292862924200685e-04
4.111668462448756335e-04
4.116301837002918091e-04
4.103318410868851424e-04
4.116750553202542552e-04
3.888548036259035080e-04
3.751739142153357799e-04
4.127899745134449780e-04
4.123956367133433699e-04
4.111616987900579387e-04
3.879302913421732945e-04
4.104637361486023254e-04
4.103421028571285854e-04
4.084854577003250585e-04
4.105652739225466429e-04
3.982146490615539399e-04
4.000155439296052798e-04
3.993286987893404747e-04
4.111567815138992004e-04
3.985872325385893472e-04
3.988210901350807639e-04
4.018404766502428095e-04
3.995087590077341837e-04
4.023377909447357122e-04
3.988204526185515049e-04
4.030690453209843102e-04
3.995087590077341837e-04
4.061797925198632137e-04
4.033141027125217506e-04
3.989459763987017959e-04
4.033008283888292575e-04
3.992757432185107570e-04
4.030065803405336825e-04
3.988204526185515049e-04
4.028685303848421849e-04
4.101703079612025577e-04
4.029786428215365772e-04
3.989459763987017959e-04
4.035413692463146675e-04
3.995087590077341837e-04
4.030065803405336825e-04
3.995087590077341837e-04
4.023790408770641755e-04
4.114357576282882652e-04
3.960303643739154951e-04
4.031217505358291155e-04
3.990943826323430305e-04
4.084785620256290405e-04
4.084785620256290405e-04
4.130701350330816951e-04
4.116882987816347476e-04
4.118156888011125557e-04
4.107238807116689490e-04
4.129591824450829277e-04
4.105404193146751412e-04
4.125430132493701583e-04
4.099860286599297772e-04
4.125322689533510861e-04
4.129463059835914102e-04
4.114136265081417112e-04
4.118230377260954857e-04
4.106185950770369813e-04
4.129555999685386152e-04
4.116384628754385312e-04
4.117830703647818564e-04
4.107238807116689490e-04
4.114049825038900202e-04
4.105842470975055135e-04
4.110912951379136048e-04
4.113590560013541918e-04
4.103584315913819808e-04
4.074138400586821461e-04
4.016969032938800675e-04
3.992757432185107570e-04
4.042249040656276560e-04
4.047557270775097135e-04
3.996804995753836876e-04
3.997277853164015924e-04
4.040072325646662109e-04
4.048970686491317177e-04
4.111967013036111696e-04
3.894844463107958836e-04
3.881734920595108248e-04
4.042186730193325639e-04
4.047503505657961179e-04
3.996707839732731001e-04
4.112334600513220680e-04
3.894648511866739436e-04
4.040414672568139187e-04
4.086966437685733396e-04
4.040757495662566619e-04
4.083625851856050558e-04
4.040603494032737062e-04
4.097166400340961079e-04
4.125087150952666537e-04
4.127230956162857619e-04
4.102707811043762348e-04
4.123386416036383230e-04
4.111760721386048447e-04
4.105980040410544662e-04
3.987927706699536615e-04
4.106825158289854243e-04
3.987927706699536615e-04
4.106283015134856869e-04
4.105453610625134993e-04
4.130912900427227284e-04
4.043600401851968969e-04
4.086966437685733396e-04
4.088199510295668828e-04
4.110042849983364783e-04
4.112349895881967196e-04
3.885042572992714808e-04
4.044084943156626023e-04
4.088199510295668828e-04
4.043954323451978846e-04
4.041727194813997566e-04
4.040754013720429115e-04
4.086966437685733396e-04
4.086966437685733396e-04
4.086966437685733396e-04
4.042293194580910383e-04
4.084854577003250585e-04
3.872426978643679542e-04
4.104872475778436583e-04
4.018404766502428095e-04
3.995087590077341837e-04
4.102193467764103998e-04
4.120841644419637965e-04
4.120295972684138801e-04
4.126682395049781739e-04
4.101166757709799474e-04
4.102193467764103998e-04
3.965833896103294529e-04
4.100482627777853051e-04
4.120666243799443892e-04
4.102193467764103998e-04
4.120841644419637965e-04
4.112115744233536406e-04
4.105795368661945672e-04
4.121700542217704715e-04
3.851776860443490986e-04
4.064657727970780177e-04
4.061096183917141215e-04
4.076551941538017997e-04
4.110243341583401724e-04
4.116480153412514081e-04
4.117719518872168475e-04
4.119394087260899208e-04
4.068273897245915875e-04
4.064099096152146303e-04
4.078303838887042758e-04
4.111391124990119864e-04
4.111985121020258669e-04
4.112114431519103808e-04
4.114707780044328392e-04
3.896980168883175215e-04
4.109657528133847703e-04
4.106305493912801806e-04
4.105857452848711846e-04
3.873641271966436392e-04
4.098826843905375994e-04
4.105425633647667976e-04
3.875261976355071514e-04
4.117402416070420563e-04
4.114844298635103939e-04
3.982488934083687417e-04
4.064630828219176466e-04
4.063588874817609877e-04
4.078002455581377261e-04
4.120472710866208369e-04
3.885451894780718647e-04
4.114462170306522836e-04
3.896737844334184978e-04
4.118859054073711651e-04
4.116691030651882521e-04
4.119723367593761685e-04
4.116157892513400054e-04
3.890114933053938004e-04
3.871690087161533747e-04
4.087879285038359661e-04
4.111735426611638636e-04
4.111826420148507414e-04
3.883946789473930665e-04
4.111894523948783501e-04
4.111759531280725672e-04
4.111818394909144388e-04
4.115891950290547744e-04
4.115891950290547744e-04
4.111204463581223461e-04
3.781913418260664738e-04
4.118995436490683303e-04
4.116997709981829573e-04
4.119394565003443084e-04
4.111119370247729062e-04
4.110625359806587432e-04
4.115891950290547744e-04
4.114788236472437851e-04
4.116997709981829573e-04
4.116504213192756414e-04
4.116504213192756414e-04
4.105567486136279197e-04
4.027311742114792034e-04
4.113197296877143822e-04
4.028622978532257867e-04
4.106927251581384431e-04
4.124717855145563160e-04
4.125994504065378429e-04
4.126423653451704145e-04
4.111011391837477314e-04
4.112532148520423947e-04
4.111105181724236017e-04
4.065149244450194134e-04
4.065149244450194134e-04
4.078928982032220627e-04
4.121586972142380918e-04
3.884454372597012780e-04
4.108086731427625874e-04
4.142148718318877047e-04
3.906825145287625843e-04
4.131364335686351329e-04
4.125476490145772485e-04
4.124925824651448896e-04
4.044481319231698312e-04
4.025664523255346474e-04
4.044481319231698312e-04
4.025664523255346474e-04
4.142686930233676137e-04
4.139562068505145734e-04
3.883778339681290097e-04
4.119966183913843002e-04
4.133385950409772854e-04
3.898552370877338721e-04
4.137255724405262828e-04
4.142680279563681488e-04
4.137255724405262828e-04
4.142680279563681488e-04
4.136034893933032437e-04
4.142376124645456847e-04
4.136190176709338877e-04
4.142317793565331247e-04
4.136372660884174782e-04
4.142456076949219872e-04
4.135899722050863066e-04
4.142344977165553395e-04
4.136372660884174782e-04
4.142456076949219872e-04
4.135899722050863066e-04
4.142344977165553395e-04
4.135328172511861422e-04
4.142456076949219872e-04
4.136190176709338877e-04
4.142412500451092181e-04
4.136876039919864557e-04
4.142412500451092181e-04
4.136594072968623930e-04
4.142683037942750807e-04
4.136372660884174782e-04
4.142456076949219872e-04
4.136594072968623930e-04
4.142412500451092181e-04
4.136876039919864557e-04
4.142581093443128775e-04
4.136372660884174782e-04
4.142581093443128775e-04
4.133284907981686781e-04
3.892382725547074030e-04
4.135486246283620192e-04
4.142252600653339046e-04
4.136190176709338877e-04
4.142412500451092181e-04
4.136190176709338877e-04
4.142412500451092181e-04
4.137266050033270616e-04
4.142510180562969380e-04
4.134580068486861260e-04
4.142064518233410275e-04
4.136190176709338877e-04
4.142683037942750807e-04
4.129954215516258402e-04
4.139116357520792786e-04
4.131022154405665264e-04
4.139116357520792786e-04
4.129709049137430307e-04
3.882435803009009491e-04
4.129598519583804316e-04
4.138792046746471030e-04
4.085689640901118838e-04
4.085689640901118838e-04
4.097830393624243882e-04
4.129303885253922434e-04
4.138632908697152408e-04
4.128662940911507519e-04
4.128746161996390347e-04
4.129255465151550385e-04
3.879719543279357705e-04
4.135705070909815500e-04
4.142300952388283490e-04
4.141865410888120294e-04
4.140824181210969604e-04
4.132759335010660552e-04
4.077162218433890610e-04
4.136814926160160659e-04
4.142494278682022375e-04
4.132972535615123057e-04
4.076858908559097359e-04
4.136529575111438624e-04
4.142494278682022375e-04
4.136814926160160659e-04
4.142565528750685885e-04
4.136120615896358402e-04
4.142439914550899134e-04
4.135826360092190439e-04
4.142328270897227202e-04
4.137209417960357061e-04
4.142494278682022375e-04
4.132589086185949750e-04
4.132705177796150604e-04
4.133114091209485726e-04
4.133174480080741746e-04
4.132987744920420996e-04
4.132388289864452071e-04
4.133083663148207423e-04
3.897754078492117339e-04
4.137120873865666234e-04
4.142644555241532453e-04
4.136641528676408570e-04
4.142644555241532453e-04
4.136852189144318371e-04
4.142575006054287617e-04
4.137120873865666234e-04
4.142744572674529179e-04
4.137493257210007750e-04
4.142744572674529179e-04
4.137120873865666234e-04
4.142644555241532453e-04
4.137493257210007750e-04
4.142744572674529179e-04
4.136852189144318371e-04
4.142413054283715932e-04
4.137493257210007750e-04
4.142644555241532453e-04
4.136852189144318371e-04
4.142744572674529179e-04
4.133309276188968447e-04
3.892651368836289646e-04
4.092781147030123950e-04
4.092781147030123950e-04
4.103182838939025377e-04
4.136500350898135946e-04
4.142661150290630374e-04
4.135671071019133768e-04
4.142293361303745728e-04
4.136089083255298508e-04
4.142352111376657216e-04
4.076832578300269611e-04
4.136500350898135946e-04
4.142487111949760478e-04
4.076882720495105948e-04
4.137183776570426135e-04
4.142661150290630374e-04
4.093575566478116707e-04
4.093575566478116707e-04
4.103633565784592114e-04
4.096231127243850747e-04
4.096231127243850747e-04
4.105181836117908806e-04
4.132809784663281165e-04
4.132302764156512722e-04
3.881720532091082853e-04
4.095335229748202528e-04
4.095335229748202528e-04
4.104652288169565876e-04
4.133833837984781561e-04
3.894624973653787329e-04
4.137607706244520508e-04
4.142513493656774758e-04
4.137607706244520508e-04
4.142776185829348794e-04
4.137243989761156798e-04
4.142776185829348794e-04
4.137243989761156798e-04
4.142358428383186627e-04
4.136776422242759198e-04
4.142776185829348794e-04
4.137243989761156798e-04
4.142555778259386103e-04
4.109207609361171252e-04
3.901416364352841299e-04
4.130572588907082277e-04
3.911826253956078689e-04
4.136400176361083978e-04
4.142462726435749846e-04
3.904481922495979139e-04
3.905833788558311578e-04
3.903516140386688055e-04
4.136400176361083978e-04
4.142462726435749846e-04
3.906614462219338527e-04
4.140037862414282731e-04
4.042293646395761649e-04
4.133186638642566738e-04
3.897772344600702876e-04
4.139969896246687505e-04
4.041703146115484301e-04
4.014272772341394443e-04
4.140316320512313743e-04
4.044715169675310636e-04
3.911253487757998873e-04
4.110217945965703116e-04
3.911826253956078689e-04
4.136789032333289024e-04
4.142729343828395277e-04
3.901233538975740927e-04
4.131487392233620568e-04
4.140081645698375726e-04
4.042674156510470389e-04
3.908889165279058587e-04
4.131657218165684905e-04
4.136250871676276468e-04
4.142729343828395277e-04
3.895306884762557344e-04
4.130691365164147755e-04
3.905058808161263918e-04
4.131109724323783349e-04
3.902695885265282383e-04
4.131678746056196812e-04
4.140426140400345215e-04
4.045671157962924674e-04
4.133853371715058849e-04
3.902382838307472623e-04
4.137461805841757519e-04
4.142735958146724433e-04
4.137872378917283847e-04
4.142735958146724433e-04
4.137314194513206549e-04
4.142695942638514395e-04
4.094708320957910277e-04
4.094708320957910277e-04
4.104286117134035719e-04
4.133241420911353144e-04
4.133797918986051355e-04
4.133966885756390638e-04
3.902157041232742437e-04
4.138161111937269793e-04
4.142685427353798300e-04
4.137837347523067185e-04
4.142935101324995962e-04
4.137605066385486555e-04
4.142775451923917250e-04
4.137605066385486555e-04
4.142935101324995962e-04
4.103499430982914756e-04
4.101521358091369390e-04
4.108461771467912440e-04
4.133397267814618165e-04
3.897524481479743420e-04
4.135636625205683925e-04
4.142285700274683075e-04
4.052965634664269768e-04
4.135152978480806591e-04
4.142181207588473634e-04
4.077099224372514427e-04
4.134657007707955717e-04
4.142079760707786593e-04
4.093700479299530216e-04
4.091212591120647868e-04
4.102309451838536368e-04
4.129441909745008030e-04
3.879056316908064544e-04
4.130404416598154257e-04
4.138869451980853017e-04
4.129598519583803232e-04
4.138792046746471030e-04
4.129954215516258402e-04
4.139116357520792786e-04
4.130404416598154257e-04
4.138970815455474800e-04
4.002216551876338312e-04
4.129303885253922434e-04
4.138792046746471030e-04
4.128636682716980912e-04
4.138593932157684139e-04
4.129112868260054019e-04
3.883761842746761487e-04
4.129598519583803232e-04
4.138792046746471030e-04
4.129303885253923518e-04
4.138677549806086837e-04
4.129954215516258402e-04
4.138869451980853017e-04
4.130404416598154257e-04
4.138970815455474800e-04
4.129328581974879781e-04
4.134455179175594488e-04
3.905507629492298684e-04
4.136999722514158890e-04
4.142653966970081744e-04
4.136999722514158890e-04
4.142653966970081744e-04
4.097393757925908405e-04
4.097393757925908405e-04
4.105880116140344207e-04
4.136866626426145225e-04
4.142578688865567404e-04
4.096480126651572042e-04
4.096480126651572042e-04
4.105330330355736607e-04
4.133687146281854615e-04
3.898381624717275223e-04
4.137347631932969914e-04
4.142704947480491725e-04
4.141364191797150345e-04
4.137509814034498272e-04
4.142749120177489854e-04
4.136654106505715080e-04
4.142846014834910585e-04
4.136098297840342395e-04
4.142390899943626048e-04
4.133977406584228033e-04
3.900094240276785556e-04
4.136295695395275120e-04
4.142749120177489854e-04
4.133484278771860617e-04
3.893801497659860056e-04
4.136975319034091013e-04
4.142698805261893296e-04
4.136841587594817355e-04
4.142572305580868516e-04
4.137132935908425699e-04
4.142647728158985860e-04
4.137132935908425699e-04
4.142698805261893296e-04
4.133812462835640637e-04
3.900468499404347229e-04
4.137132935908425699e-04
4.142647728158985860e-04
4.133650643161792377e-04
3.900214192346652107e-04
4.142067037562125647e-04
4.141089554828532651e-04
4.076929164455645360e-04
4.137529240581080590e-04
4.142851203704636187e-04
4.076959698630378275e-04
4.136929171189764206e-04
4.142594714061987910e-04
4.137529240581080590e-04
4.142754466982584882e-04
4.137529240581080590e-04
4.142754466982584882e-04
4.137281747517533039e-04
4.142687237647268332e-04
4.137281747517533039e-04
4.142754466982584882e-04
4.102144940764316768e-04
4.099991175396809802e-04
4.107485862138951938e-04
4.133525716510060683e-04
4.133331321627353944e-04
4.133784473057631201e-04
4.133844893226284079e-04
4.133556265514207878e-04
4.132793512004396728e-04
4.140945571358450503e-04
4.122063778320936051e-04
3.908401745859141851e-04
4.131588495850150276e-04
4.114252940856963185e-04
3.885711481291723841e-04
4.120348307878636128e-04
4.051294101743537954e-04
4.131393956457042713e-04
4.130762178164376977e-04
4.050205386700432716e-04
4.134278521783449909e-04
4.053249793180920446e-04
4.131883577974360903e-04
4.130926331329395711e-04
4.050822729375923629e-04
4.134449065880306745e-04
4.051694596161770231e-04
4.131494707236687278e-04
4.130735549893590694e-04
4.050105514367957214e-04
4.134200351796473447e-04
4.096902060790239518e-04
4.096902060790239518e-04
4.105583268538708953e-04
4.101026819197640082e-04
4.102160190807204875e-04
4.108875833472347460e-04
4.098641344858331326e-04
4.098641344858331326e-04
4.107327512091717148e-04
4.133286160602725901e-04
4.134238004721841448e-04
4.134013285611354196e-04
4.096724371154957943e-04
4.096724371154957943e-04
4.105476546978013819e-04
4.096482974654482479e-04
4.096482974654482479e-04
4.105332032121863169e-04
4.095351658509772540e-04
4.095678420222515154e-04
4.104854268247851894e-04
4.097602451001408196e-04
4.097602451001408196e-04
4.106006789912026241e-04
4.112336235625448587e-04
3.975800120368459920e-04
4.100515809716333043e-04
4.100515809716333043e-04
4.107817942740232169e-04
4.133936720467924742e-04
4.099991175396809802e-04
4.099991175396809802e-04
4.107817942740232169e-04
4.093708582194153936e-04
4.093708582194153936e-04
4.103709590108923621e-04
4.141515169302249430e-04
4.099063861269368770e-04
4.099063861269368770e-04
4.106905287146980126e-04
4.133429974503984548e-04
4.133764346394223476e-04
4.132463271056670772e-04
4.140671891351253723e-04
3.908201276232048664e-04
4.131560152523766453e-04
3.903955979162535960e-04
4.131655254683368173e-04
4.097318947718199891e-04
4.097318947718199891e-04
4.105834806385926829e-04
4.096037691902458685e-04
4.096037691902458685e-04
4.105066873957678459e-04
4.142097524035381461e-04
3.905828812713079854e-04
4.131221176177758496e-04
4.125336676734346901e-04
4.124777245758274669e-04
4.044516535908227470e-04
4.025721402689559224e-04
4.044516535908227470e-04
4.025721402689559224e-04
4.142585755574682525e-04
4.139228453387832924e-04
4.132807467130781708e-04
3.879501951209725179e-04
4.119101350461578282e-04
4.109074317978718329e-04
3.905595479922546135e-04
4.131187478535003972e-04
4.115192060102193560e-04
4.109473607051749243e-04
3.898438871968112028e-04
4.131116221758459684e-04
4.132872195328301493e-04
4.109615929529896578e-04
3.907530987760943772e-04
4.131465048342149908e-04
3.989587067810655154e-04
3.761861811971592526e-04
3.801870659648435972e-04
3.910011857393971488e-04
3.903077283358679099e-04
3.906151604407816723e-04
3.904155361885948482e-04
4.140086580906741833e-04
4.043601899310223912e-04
4.140280126756394423e-04
4.044400220754325705e-04
4.109075063291477321e-04
3.900129216757851369e-04
4.130833490716466581e-04
4.011479190387124013e-04
4.140508444565018037e-04
4.043607471909174667e-04
3.904696179699341813e-04
4.131056988282579391e-04
3.897750621848563050e-04
4.131023680048915236e-04
4.140423739215382546e-04
4.045650249696700626e-04
3.907135386847651951e-04
4.131408673991707105e-04
3.896805310983889503e-04
4.130895827268784713e-04
3.901315543908681150e-04
4.130557481918027381e-04
3.898022760020310369e-04
4.131060326001525021e-04
4.140244403242484498e-04
4.044089422336451462e-04
4.094254239015933427e-04
4.094254239015933427e-04
4.104437030787726377e-04
4.038129959715059812e-04
3.906122825350433550e-04
4.131263544405817988e-04
4.132956298218134561e-04
4.133084103315406987e-04
3.895672895631443013e-04
4.130741513902684678e-04
4.108690127174490685e-04
3.906001613501262470e-04
4.131246089859329272e-04
4.109628761343144714e-04
3.900507371685294194e-04
4.131391646613869319e-04
4.108459398630479715e-04
3.903532961139629612e-04
4.130886735689927769e-04
4.108561763484129483e-04
3.903672538559043673e-04
3.901274195144681812e-04
3.904194593075532849e-04
3.908707925542849264e-04
3.900203613834796017e-04
3.902962621797377097e-04
4.140166965695788338e-04
4.043415908136657961e-04
4.139908047583683282e-04
4.041165984357367744e-04
4.012359069726742131e-04
4.140333379229604047e-04
4.043718032234366508e-04
3.890679822760468990e-04
4.108724976163613172e-04
3.900558207869329864e-04
3.898983172367418261e-04
4.131189087342573016e-04
4.139992557389998197e-04
4.043978782198838300e-04
3.904516698926259553e-04
4.131329837366008880e-04
3.892930487552525220e-04
4.130362455511301907e-04
3.905864517296893032e-04
4.131226326837414767e-04
3.897401242042452694e-04
4.130976527870775590e-04
4.139580178661756847e-04
4.038321458041672614e-04
4.093345604194717014e-04
4.093345604194717014e-04
4.103502508916016291e-04
4.108619712328762368e-04
3.906546654101232053e-04
4.131324438657413907e-04
4.016934821156725299e-04
3.804642713198127081e-04
3.905935133536696919e-04
3.905201072216828617e-04
3.909023167015553807e-04
3.909950824314079379e-04
3.907468079732609716e-04
4.140287042122043249e-04
4.044460391909610606e-04
4.139982120463846856e-04
4.045563344069247661e-04
4.108932811632931255e-04
3.895064403539268464e-04
4.130658067700231865e-04
4.012969426801810276e-04
4.139982120463846856e-04
4.045563344069247661e-04
3.906223383551370686e-04
4.131278011546682719e-04
3.895313801692102209e-04
4.130692314127732876e-04
4.140180519709141639e-04
4.043533774459981585e-04
4.140193773909788271e-04
4.043649041780962659e-04
4.101047524475125031e-04
4.101047524475125031e-04
4.108157182516638498e-04
4.094599833892978197e-04
4.094599833892978197e-04
4.104223115465792469e-04
4.133421751846799415e-04
4.142237716419587936e-04
4.142237716419587936e-04
4.082488736189171692e-04
4.145103703143280713e-04
4.132789558008811460e-04
4.132807983801180121e-04
4.053667073506820912e-04
4.131987287800152142e-04
4.062617418379186685e-04
4.131272518729873686e-04
4.087553604247688190e-04
4.052699307934502760e-04
4.134671640536684810e-04
4.133168427993432251e-04
4.141292206179894315e-04
4.095982005935071952e-04
4.095982005935071952e-04
4.105033842818233726e-04
4.097136506775821531e-04
4.097136506775821531e-04
4.105724527505721661e-04
4.097136506775821531e-04
4.097136506775821531e-04
4.105724527505721661e-04
3.962901200523390980e-04
4.047396398507168325e-04
4.134783080014018362e-04
4.133295887187098897e-04
4.133607952941813538e-04
4.093120930899338196e-04
4.093120930899338196e-04
4.103374926347170756e-04
4.133327037350070419e-04
4.096716828046868299e-04
4.096716828046868299e-04
4.105472023025805964e-04
4.133553065995429704e-04
4.133322001682879568e-04
4.012400061206041597e-04
4.132681500513530172e-04
4.132669907930028416e-04
4.132835992914087823e-04
4.133301846124462085e-04
4.132540727664702558e-04
4.133264716007626119e-04
4.133417552067010611e-04
4.132849784178610356e-04
4.132341280773726088e-04
4.133568214949459932e-04
4.133722085221786489e-04
4.096840365405562826e-04
4.098652641154397307e-04
4.106650432076628158e-04
4.132877823873892255e-04
4.133531317253107649e-04
4.133343443878227403e-04
4.132475103884704695e-04
4.133593680862797425e-04
3.893008137003933365e-04
4.138163493751228095e-04
3.961193811044959497e-04
4.066851512038621480e-04
4.133341610290720315e-04
3.893008137003933365e-04
4.076888880715046981e-04
4.136912329139436593e-04
4.142590387477731572e-04
4.138092250812776263e-04
3.902385051421900126e-04
4.070069258233792908e-04
4.139334043669277551e-04
4.136260560674239785e-04
4.142429200768229939e-04
4.137546325778817960e-04
4.142759179304397483e-04
4.136912329139436593e-04
4.142590387477731572e-04
4.136912329139436593e-04
4.142590387477731572e-04
4.078111151439053721e-04
4.137607736289512068e-04
3.962407328332901053e-04
4.067898504916422388e-04
4.136912329139436593e-04
4.142590387477731572e-04
4.137495689623942735e-04
3.899728282625974907e-04
4.068380037070731922e-04
4.139022248934971717e-04
4.140865089474622782e-04
4.133059558849867116e-04
3.889907802903690213e-04
4.136941461714107367e-04
3.958527192208616090e-04
4.064483038165665860e-04
4.132811941339515249e-04
3.889907802903690213e-04
4.137634110449714864e-04
4.133499885680204421e-04
3.894759553247607257e-04
3.898500251286651157e-04
4.067582197603055588e-04
4.139525753965084720e-04
4.133262663723287012e-04
3.896104950117293929e-04
3.911494789299268908e-04
4.138438701688149893e-04
4.022659326254620586e-04
4.138219830381007717e-04
4.022659326254620586e-04
4.136143229910244708e-04
4.142499434397028230e-04
4.130104696673670144e-04
3.896479320179042785e-04
4.129816846988419309e-04
4.136550538735251303e-04
4.142499434397028230e-04
4.135850213557274672e-04
4.142333687703421874e-04
4.136834786984625186e-04
4.142570575026747830e-04
4.094797806413967133e-04
4.094797806413967133e-04
4.104338164815403422e-04
4.068919766082118800e-04
4.100281744861003714e-04
4.100281744861003714e-04
4.145215359764311495e-04
4.137558811925603520e-04
4.143689096295622397e-04
4.044039585069753528e-04
4.024949296104427541e-04
4.057360008568793659e-04
4.061949491925538960e-04
4.012705609924580117e-04
4.013131183568566349e-04
4.052561878078967273e-04
4.059595840295867979e-04
4.133613219206950726e-04
3.917043325920989243e-04
4.058227761630510584e-04
4.062698967665817379e-04
4.014111712093568142e-04
4.134148941285884123e-04
3.915362281047499323e-04
4.145525373441593460e-04
4.137225574421387209e-04
4.143622331453261122e-04
4.130965715794649687e-04
3.896195008441657396e-04
4.130812819510553693e-04
4.140285202143634898e-04
4.044444381895970263e-04
4.133127304950782077e-04
4.132897987131998606e-04
4.134463126398227068e-04
4.133032691778478276e-04
4.139315566860754156e-04
4.036029554727992171e-04
3.961593460314969534e-04
4.132645332555334727e-04
4.133711092966069179e-04
4.133900403665276366e-04
4.014397092135563345e-04
4.140452722832956120e-04
4.045902641213938375e-04
3.907318101980557907e-04
4.131434734118834100e-04
3.897470382314761114e-04
4.130985868407217225e-04
3.904360689378188597e-04
4.130817523983990481e-04
3.899503483980690938e-04
4.131258479164866704e-04
4.140287042122043249e-04
4.042409574367457088e-04
4.133900403665276366e-04
4.133588614118857869e-04
4.140634169426886499e-04
4.045902641213938375e-04
4.140103621116587211e-04
4.042865173276083347e-04
4.134267706755310372e-04
4.054236071843212927e-04
4.132128283476423644e-04
4.131717689028885625e-04
4.051998236133733783e-04
4.134560799901446961e-04
4.140864317233500279e-04
4.048136571355798533e-04
4.099207639897213995e-04
4.099207639897213995e-04
4.106994771080982472e-04
4.098055972864467125e-04
4.098055972864467125e-04
4.106283475738923151e-04
4.095969712379462688e-04
4.095969712379462688e-04
4.105026554528841149e-04
4.140568070127750681e-04
4.046907465963906435e-04
4.096645167628951297e-04
4.096645167628951297e-04
4.105429071282483454e-04
4.096286064917671697e-04
4.096286064917671697e-04
4.105214549634021931e-04
4.096645167628951297e-04
4.096645167628951297e-04
4.105429071282483454e-04
4.133367286299929715e-04
4.098563603632921046e-04
4.098563603632921046e-04
4.106595460692076061e-04
4.096804134620492060e-04
4.096804134620492060e-04
4.105524417160411402e-04
4.099863119266125653e-04
4.099131654192175256e-04
4.106947455290384285e-04
4.100013152921687365e-04
4.100013152921687365e-04
4.107499720820150012e-04
4.133880758185863743e-04
4.061196695080724413e-04
4.116966358633548321e-04
4.060524419696718602e-04
4.115608016286244255e-04
4.099657707367272436e-04
4.043843326293721624e-04
4.141611121475377512e-04
3.976145268232944259e-04
4.125044688727245068e-04
4.056662156382371404e-04
4.139217932231036121e-04
4.145657675309149495e-04
4.137469781078262788e-04
4.140434850983581907e-04
4.137565154110839707e-04
4.140242908084947222e-04
4.137196206178983277e-04
4.064370970924079509e-04
4.131400348572331397e-04
4.057109802229333026e-04
4.029893122449777852e-04
4.055401960689719002e-04
4.029893122449777852e-04
4.133349465891667071e-04
4.057201342754239350e-04
4.033447832407965807e-04
4.141586971051763465e-04
4.131740402609562291e-04
4.141677532737330020e-04
4.102179560982711849e-04
4.101541473526979995e-04
4.108474749634087641e-04
4.134108857657962282e-04
3.899379729505466036e-04
4.143796174179286708e-04
4.143252886596623637e-04
4.063200521228240683e-04
3.909862015196928194e-04
4.131001228062666873e-04
3.907969830742991611e-04
4.131527372341044571e-04
4.086518604337397755e-04
4.097081582464256761e-04
4.100328277449857882e-04
4.100328277449857882e-04
4.145919209588211016e-04
4.137652607081674771e-04
4.144155364938786282e-04
4.058323868474312721e-04
4.062782091851603931e-04
4.014267203657985081e-04
4.014678789590471171e-04
4.053252842336125573e-04
4.060060963070193140e-04
4.134004171175101479e-04
4.091126661593083753e-04
4.058337527505632460e-04
4.062793907633564100e-04
4.014289298791777873e-04
4.134191526129694558e-04
4.090448438956202225e-04
4.145634209521121519e-04
4.137790652027130986e-04
4.143737295110942720e-04
4.131063276756786898e-04
3.904681183908404688e-04
4.131935479770183751e-04
4.133562654731131963e-04
3.895456447345252470e-04
4.140469536636872988e-04
4.137630821825182665e-04
4.145183038639579801e-04
4.140921749820165258e-04
4.141459726624315951e-04
4.138439068823942146e-04
3.977125240755707987e-04
4.138709763158515621e-04
4.140543294000219245e-04
4.137169423501783124e-04
4.145206755465397509e-04
4.140987536089903208e-04
4.141484148296864769e-04
4.138439068823942146e-04
4.140183470115247591e-04
4.138646732583258327e-04
4.021066397887234668e-04
4.138050836405799760e-04
4.021066397887234668e-04
4.137881977746306599e-04
4.140896381567982102e-04
4.129108926762991476e-04
4.137529745032017992e-04
4.145623400442519178e-04
4.141419517025989212e-04
4.052846977458026551e-04
4.025818463169452896e-04
4.133950406455753879e-04
3.902374594301944474e-04
4.051270812672804205e-04
4.133943040638523095e-04
4.133746897532340108e-04
3.902374594301945016e-04
4.134070127983128866e-04
3.903099265498432852e-04
4.134369367595669875e-04
3.757983337794497131e-04
4.133138904025101374e-04
4.096890878281430064e-04
4.096890878281430064e-04
4.105576543600544023e-04
4.096247498761944306e-04
4.096247498761944306e-04
4.105191581880814804e-04
4.094388699983923709e-04
4.094388699983923709e-04
4.104100811172733758e-04
4.132969288324031976e-04
3.875486139498770318e-04
4.143713798908154407e-04
4.143153894317151806e-04
4.076750835448382320e-04
4.134590199020339325e-04
4.078084946856553499e-04
3.977188293006639775e-04
4.145725618035119020e-04
4.144027951358688982e-04
4.145545779454175728e-04
4.143597211625131647e-04
4.132564072776083149e-04
3.884525794049848335e-04
4.137075914665087201e-04
3.958109405786043350e-04
4.064103148338161966e-04
4.132770472349950840e-04
3.890748742692636420e-04
4.136673485148355299e-04
4.133628470637955342e-04
3.895008921933368774e-04
3.894537331630665527e-04
4.064929561299460473e-04
4.138435913176446990e-04
3.908459556451443061e-04
4.132982674704028538e-04
3.889067297900300089e-04
4.138055321710437228e-04
4.022644977871259685e-04
4.138218307343399143e-04
4.022644977871259685e-04
4.130103897145652567e-04
3.896467987180664066e-04
4.129815073510234797e-04
4.084886855050393799e-04
4.096124136122980108e-04
4.068416731772833564e-04
4.100064452761745248e-04
4.100064452761745248e-04
4.145385482234034084e-04
4.136730410776372040e-04
4.143528316399535641e-04
4.051418953779789296e-04
4.022855027033452610e-04
4.058225345496481082e-04
4.062696878217048209e-04
4.014107802410182184e-04
4.013798961667799925e-04
4.052858956594236010e-04
4.059795492159143891e-04
4.133783325021094489e-04
4.090106538180857338e-04
4.058927632558425713e-04
4.063304828181393043e-04
4.015242951995576150e-04
4.134540318885967462e-04
4.091005251726234572e-04
4.016105446619254774e-04
4.145549892366998546e-04
4.137252816954599681e-04
4.143627681246536600e-04
4.134405882791896835e-04
4.130788795070976216e-04
3.899786120312514971e-04
4.131296066476353732e-04
4.011112784885493350e-04
4.011070895032062722e-04
4.133994876782932058e-04
4.133807654821398361e-04
4.143231214766104247e-04
4.133555405783485934e-04
4.137778276037342340e-04
3.895375898690464243e-04
3.959845872854843448e-04
4.065666227121222877e-04
4.133555405783485934e-04
3.895375898690464243e-04
4.138246842008117031e-04
4.133733617955265630e-04
3.903765928581947242e-04
3.895664067091840618e-04
4.065696252019772826e-04
4.139060873189693473e-04
4.133761799512485850e-04
3.897676151050443838e-04
3.913117082973483797e-04
4.138636961804789249e-04
4.026611995628631008e-04
4.138639954721600985e-04
4.026611995628631008e-04
4.133082596511109767e-04
3.891406590145535986e-04
4.143597645361538355e-04
4.143013683536774243e-04
3.986766927941702197e-04
3.772352613008277252e-04
4.130033741173305965e-04
3.904303067425197722e-04
4.130999637634159664e-04
4.099958587217027075e-04
4.099958587217027075e-04
4.051468834813591428e-04
4.022959876117045987e-04
4.145678035949954682e-04
4.137690500807271921e-04
4.144162097588265439e-04
4.136710447480376903e-04
4.144383379754927989e-04
4.057503494661902216e-04
4.062073288993940570e-04
4.012938383704060786e-04
4.013361852723770513e-04
4.053057150816166514e-04
4.059928962670127941e-04
4.133895106003476565e-04
3.914769475218578265e-04
4.058915188125170569e-04
4.063294044590084727e-04
4.015222859241943912e-04
4.134003040671438249e-04
3.914103486810890150e-04
4.136190344328320723e-04
4.144291859514350352e-04
4.058773575269090288e-04
4.115149694915656723e-04
4.125977066843577405e-04
4.004139285204849630e-04
4.026422563629311938e-04
4.061054604571652103e-04
4.020975325397481079e-04
4.059526446364979959e-04
4.048367304693882085e-04
4.123716769938852943e-04
4.115816296047928907e-04
4.116290106459937967e-04
4.144698047613825796e-04
4.137110381796971258e-04
4.143314580632404833e-04
4.060310863251592088e-04
4.062862884272155483e-04
4.115449114727941747e-04
4.115449114727941747e-04
4.061281231794102060e-04
4.116957010746864851e-04
4.062752852587521619e-04
4.116957010746864851e-04
4.140248743890830897e-04
4.136710447480376903e-04
4.142642401640504474e-04
4.046729891794570585e-04
4.140353503707496548e-04
4.060229217748889717e-04
4.116957010746864851e-04
4.137260793776684491e-04
3.908549242216952102e-04
4.138193792632116597e-04
4.027135036144037245e-04
4.138695631189753636e-04
4.027135036144037245e-04
4.130404853214532076e-04
3.895856736501909323e-04
4.130766652216775071e-04
4.041280479097946929e-04
4.020405579321849831e-04
4.136190344328320723e-04
4.142412540064281754e-04
4.135840736341443984e-04
4.142331533804295219e-04
4.062043650282565524e-04
4.116290106459937967e-04
4.140214112723962243e-04
4.075618564771819516e-04
4.136419246848596805e-04
4.142467347326492916e-04
4.136710447480376903e-04
4.142539170864030268e-04
4.136190344328320723e-04
4.142046361323115881e-04
4.133409014653677358e-04
4.133856314030269767e-04
4.140769361827908871e-04
4.134087221504276558e-04
3.890489440255780521e-04
4.142228085364583318e-04
4.141299354543099393e-04
4.137129968785843454e-04
4.142804222919189332e-04
4.097793868385409444e-04
4.097793868385409444e-04
4.106123335490029572e-04
4.093578698812518871e-04
4.093578698812518871e-04
4.103635354213998852e-04
4.140397150547676735e-04
4.140641821000945097e-04
4.076700871972627075e-04
4.140471002495879974e-04
4.140825765819146700e-04
4.144478543804078641e-04
4.009219616035435835e-04
4.096036116141242838e-04
4.096036116141242838e-04
4.105065938872942037e-04
4.133077509227867530e-04
3.888794150293027694e-04
4.094809997078879132e-04
4.094809997078879132e-04
4.104345260964427171e-04
4.136331211403799016e-04
4.142714010459315629e-04
4.135732740133653078e-04
4.142446099390164217e-04
4.136509051956965008e-04
4.142542814837097353e-04
4.136331211403799016e-04
4.142446099390164217e-04
4.136724966314944663e-04
4.142542814837097353e-04
4.136331211403799016e-04
4.142446099390164217e-04
4.137000145752840405e-04
4.142542814837097353e-04
4.137000145752840405e-04
4.142613039028371098e-04
4.136509051956965008e-04
4.142489243234838913e-04
4.136331211403799016e-04
4.142446099390164217e-04
4.137000145752840405e-04
4.142613039028371098e-04
4.137000145752840405e-04
4.142489243234838913e-04
4.137000145752840405e-04
4.142613039028371098e-04
4.137381155527773908e-04
4.142714010459315629e-04
4.137000145752840405e-04
4.142613039028371098e-04
4.136331211403799016e-04
4.142446099390164217e-04
4.133629579689139565e-04
3.896200930037975615e-04
4.137671727064917921e-04
4.142794053009934323e-04
4.137243512981592618e-04
4.142794053009934323e-04
4.137089309888528402e-04
4.142636273148276888e-04
4.138006342964847231e-04
4.142889625683861244e-04
4.137089309888528402e-04
4.142794053009934323e-04
4.136958528766676211e-04
4.142602275807061871e-04
4.140772819620567842e-04
4.140566014205558209e-04
4.076503956795690946e-04
4.134281499663862870e-04
3.897107848961745111e-04
4.137825858703837994e-04
4.142837615734218295e-04
4.134281499663862870e-04
3.899900128271163204e-04
4.133259858902116769e-04
4.133365126979221364e-04
4.133753131716083888e-04
3.897579263098103933e-04
4.137813985912774982e-04
4.142834232370978115e-04
4.136720625674038059e-04
4.142541724777593646e-04
4.136901835215827283e-04
4.142689438785531419e-04
4.132278532058434391e-04
4.133036575361962914e-04
4.136901835215827283e-04
4.142419445533506621e-04
4.133655180874378160e-04
3.896486116175528619e-04
4.136901835215827283e-04
4.142587695900173408e-04
4.136901835215827283e-04
4.142587695900173408e-04
4.141024588752375180e-04
4.137289963513689022e-04
4.142516925728255070e-04
4.136401027119083725e-04
4.142462932365403600e-04
4.136778314371670974e-04
4.142598001726156593e-04
4.136518667216177760e-04
4.142649853048740571e-04
4.133466494565295538e-04
3.891959103047757350e-04
4.137395316508483902e-04
4.142491600912575223e-04
4.137395316508483902e-04
4.142717849370881108e-04
4.133573540022762705e-04
3.895577435147337328e-04
4.136941947313748378e-04
4.142649853048740571e-04
4.134167358257869124e-04
3.898347223820716224e-04
4.101316935046415112e-04
4.101316935046415112e-04
4.108942499098745056e-04
4.136360592017984607e-04
4.142453166915571901e-04
4.137352825395766232e-04
4.142706349220642544e-04
4.097203307724632125e-04
4.097203307724632125e-04
4.105764870242354552e-04
4.133690034910483986e-04
3.895308169659055355e-04
4.136895500207659823e-04
4.142586072607330489e-04
4.136895500207659823e-04
4.142586072607330489e-04
4.098015585020812275e-04
4.096570813786301374e-04
4.105384555514456925e-04
4.137096323312081255e-04
4.142638110807955721e-04
4.137352825395766232e-04
4.142706349220642544e-04
4.097203307724632125e-04
4.098015585020812275e-04
4.106258757668072379e-04
4.133778115995927985e-04
3.895772277471642813e-04
4.137509785377252425e-04
4.142749112298964006e-04
4.098515070509047118e-04
4.098515070509047118e-04
4.107034751093823388e-04
4.097926922315917324e-04
4.097926922315917324e-04
4.106204548164859550e-04
4.096688420604903684e-04
4.096688420604903684e-04
4.105454990503169745e-04
4.133591062548776967e-04
3.901576086226491574e-04
4.140225820987203549e-04
3.901515448904188492e-04
4.127182623657820013e-04
4.121961737323614323e-04
4.121500991177475546e-04
4.040277805042826777e-04
4.020674588793292131e-04
4.040277805042826777e-04
4.020674588793292131e-04
4.139563015441797005e-04
4.134775604580249184e-04
4.089268926516476891e-04
4.089268926516476891e-04
4.098680461493513488e-04
4.138381174971949477e-04
4.137011328901685301e-04
4.076142730239140687e-04
4.140219660038676488e-04
4.076166683641839527e-04
4.134856002217127211e-04
3.900478571035819841e-04
4.135005387296056528e-04
3.900478571035819841e-04
4.135085289766751650e-04
3.901919078313871776e-04
4.135201234288761267e-04
3.900478571035819841e-04
4.088098879085371633e-04
4.088098879085371633e-04
4.099175790131537062e-04
3.882836772762044211e-04
4.130091311644015946e-04
4.138899911656720738e-04
4.142243019266309782e-04
4.131050663614656217e-04
4.138801397823487155e-04
4.131439428841014012e-04
4.139219102788811180e-04
4.130745062604002831e-04
4.139050125816428694e-04
4.140942198506266866e-04
4.131439428841014012e-04
4.139050125816428694e-04
4.130278300386474623e-04
4.138942029626376819e-04
4.090040546836743937e-04
4.090040546836743937e-04
4.100294979753891286e-04
4.130149036268985271e-04
3.887369480712458449e-04
4.087633042176807533e-04
4.087633042176807533e-04
4.098911938851287191e-04
4.076204793584916795e-04
4.130326324560879610e-04
4.139109351479944407e-04
4.130792917251969575e-04
4.139061452752555476e-04
4.131514561144027597e-04
4.139237995995791088e-04
4.089894997617732082e-04
4.089894997617732082e-04
4.100209990918449350e-04
4.130618720279207877e-04
4.139020442078887151e-04
4.077318638800668635e-04
4.130347639723210636e-04
3.900922524126098885e-04
4.138201276450836495e-04
4.136772856114405753e-04
4.087358993180750561e-04
4.087358993180750561e-04
4.098757552637884421e-04
4.087358993180750561e-04
4.087358993180750561e-04
4.098757552637884421e-04
4.087364469513533535e-04
4.087364469513533535e-04
4.098760631694502382e-04
4.129544869292385654e-04
3.891522989886362347e-04
4.086948014323273765e-04
4.086948014323273765e-04
4.098527183150194367e-04
4.129679755827453717e-04
3.893907835573197601e-04
4.089800827811493171e-04
4.089800827811493171e-04
4.100155098318314937e-04
4.017962690917012869e-04
4.139668033505652565e-04
4.139307429712538178e-04
4.038826288736128457e-04
4.125338120001386527e-04
4.118579440060613200e-04
4.132143248527754488e-04
4.132143248527754488e-04
4.132015292651997854e-04
4.138279558980237339e-04
4.141289780675643743e-04
4.134751745360526107e-04
4.138795826072769017e-04
3.901201900188817993e-04
3.903750153688064764e-04
4.123338863380657921e-04
4.135351597657809311e-04
4.079969254436531219e-04
4.079969254436531219e-04
4.093242689460619538e-04
4.132275101033191828e-04
3.890272880232889356e-04
4.131925887122583560e-04
3.892032431266332130e-04
4.132096257726262565e-04
3.897305981097030653e-04
4.132224936256689678e-04
3.887296807991817704e-04
4.122547733819711762e-04
4.079149470598389155e-04
4.079149470598389155e-04
4.092797496811982193e-04
4.125067057087962886e-04
4.124827237793315927e-04
4.079149470598389155e-04
4.079149470598389155e-04
4.092797496811982193e-04
4.130071983049149811e-04
3.889036876705135367e-04
4.131413894644114662e-04
3.954807782587778722e-04
4.059718501302151186e-04
4.129395175257111130e-04
3.883482315290115688e-04
4.132182984866823380e-04
4.130016518267987254e-04
3.895403408469921380e-04
3.892594746000448461e-04
4.061646437460011494e-04
4.134442575147523140e-04
4.129640130931658596e-04
3.889036876705135367e-04
3.904365501699824615e-04
4.133116878530155138e-04
4.014923648431945394e-04
4.133075030768217019e-04
4.014923648431945394e-04
4.130865726520388612e-04
4.139078775154887463e-04
4.127459101877073823e-04
3.892619232595706958e-04
4.125612438359391610e-04
4.131814573383758155e-04
4.139004903119394645e-04
4.131264447176966840e-04
4.138816007744889171e-04
4.129978534001679325e-04
4.130293096511393979e-04
4.139314666255430332e-04
4.065848338484995619e-04
4.098093778600107157e-04
4.098093778600107157e-04
4.142784182939719087e-04
4.132021298056677257e-04
4.140643781617339811e-04
4.038819353250622246e-04
4.024386934447116712e-04
4.055521608431482579e-04
4.060152235880624201e-04
4.011061857911144045e-04
4.011487274989842741e-04
4.050983026042838647e-04
4.058186262762626304e-04
4.130406800228725826e-04
3.910945702886624645e-04
4.055636023488935348e-04
4.060251099468748632e-04
4.011245896903110029e-04
4.130746377790504202e-04
3.911805901248933200e-04
4.143249904465938125e-04
4.132603636631968164e-04
4.140759980672084378e-04
4.139853010719767175e-04
4.127922586069397238e-04
3.886531451827407013e-04
4.125858039183225717e-04
4.099419478534449134e-04
4.045380492543576676e-04
3.969369653601720316e-04
4.120962482930388320e-04
4.058666464539471830e-04
4.133355400488741361e-04
4.143306675975106106e-04
4.131635957495724239e-04
4.136352275558607440e-04
4.132468925498701475e-04
4.135954681691341567e-04
4.131694295375273060e-04
4.066949047286508626e-04
4.128682704302323982e-04
4.128943627290019127e-04
4.126997464596377408e-04
3.960584855934820049e-04
4.049783604631225780e-04
4.017079166706292222e-04
4.129472421767494544e-04
4.051300477651762193e-04
4.019788975612930771e-04
4.129282862644478164e-04
4.128836630377982872e-04
4.128888154024807060e-04
4.128933632585628840e-04
4.129447721011960705e-04
4.129733599508012801e-04
4.120331998831310060e-04
3.902482551091438737e-04
4.127346268653067293e-04
3.877188340014107960e-04
4.114436228668929348e-04
3.902640347381346533e-04
4.127372846228357598e-04
4.048416344424754661e-04
4.026341015979753341e-04
4.137669888575455797e-04
4.125581002247236920e-04
4.137514453630773800e-04
3.898679438402457729e-04
4.127794862220075887e-04
4.129163377859451992e-04
3.884893407769420383e-04
4.109322507267882101e-04
4.049899585114263931e-04
4.021517962505918344e-04
4.107808807646990421e-04
4.090484717718993963e-04
4.090484717718993963e-04
4.100555441971899051e-04
4.135119491152826560e-04
4.132346495737636554e-04
4.136335302942710079e-04
4.132436495065988278e-04
4.139995354086219159e-04
4.134128567374563065e-04
4.016648709626816235e-04
4.133310035023771709e-04
4.016648709626816235e-04
4.136100609427546056e-04
4.132755750585335639e-04
4.137298577508864272e-04
4.125806646413380705e-04
4.137584086047220704e-04
3.988132607883044492e-04
3.854746305258049781e-04
4.142643165001215922e-04
4.136694111102204915e-04
4.137414730274976732e-04
4.132899893261536128e-04
4.135427799915502764e-04
4.134128567374563065e-04
4.015607773724448690e-04
4.133168196857562801e-04
4.015607773724448690e-04
4.136012360527652654e-04
4.131808653527735669e-04
4.133473516308428224e-04
4.035064420673650093e-04
4.132904566454533523e-04
4.143358050474121390e-04
4.142766621591473805e-04
4.136928610507498074e-04
4.137618986307606901e-04
4.133341863189416224e-04
4.036185108313498329e-04
4.127982975459978509e-04
3.900235581536812355e-04
4.126964027068096789e-04
4.125659590298153510e-04
4.110213167817650115e-04
4.129648728185910962e-04
4.129041841558912362e-04
4.055808174378194766e-04
4.060399912102231868e-04
4.011522681742512491e-04
4.011943988775211901e-04
4.051187769058149559e-04
4.058750231331767293e-04
4.131006832908429727e-04
3.999289032537091566e-04
4.056018398843677913e-04
4.060581735640830217e-04
4.011860480784062099e-04
4.130917640340873867e-04
3.998020804428735996e-04
4.134476370944620391e-04
4.049284372495135973e-04
4.021445011321873463e-04
4.089848106534505487e-04
4.089848106534505487e-04
4.100182648286916404e-04
4.090446335926788742e-04
4.090446335926788742e-04
4.100532869184604114e-04
4.089736182202024367e-04
4.089736182202024367e-04
4.100117458799175645e-04
4.089736182202024367e-04
4.089736182202024367e-04
4.100117458799175645e-04
4.090491061563179278e-04
4.090491061563179278e-04
4.100559174059667219e-04
4.093541280635140146e-04
4.093541280635140146e-04
4.102393290150883540e-04
